2,2,1,1
-1.20407283896267e-05,0.00364851952183423,-0.368518533092914,12.4073987007141,-4.76837158203125e-07,0.000102346191311827,-0.00547277930028041,2.38418579101562e-07,0.00486469269967432,-1.47407413473235,148.888784766232,-5012.83476615188,0.000192651654234027,-0.0413498879472317,2.21111120918062,-9.63258271170135e-05,-0.737037067366176,223.33317732818,-22557.7564838092,759481.690484405,-0.0291881561746738,6.2648150726125,-334.999767065259,0.0145940780873369,49.6295949220774,-15038.5043225395,1518963.3821851,-51140940.2842815,1.96543217649554,-421.851556837658,22557.7565560606,-0.982716088247771,-1253.20869153797,379740.845242202,-38355705.2132111,1291372032.31888,-49.6295948028564,10652.2738780727,-569611.269687742,24.8147974014282,1.20407283896267e-05,-0.00364851952183423,0.368518533092914,-12.4073987007141,4.76837158203125e-07,-0.000102346191311827,0.00547277930028041,-2.38418579101562e-07,-0.00243234634983716,0.737037067366176,-74.4443923831161,2506.41738307594,-9.63258271170135e-05,0.0206749439736159,-1.10555560459031,4.81629135585067e-05,0.122839511621145,-37.2221963405843,3759.62609267677,-126580.282152832,0.00486469271136036,-1.04413584877974,55.8332946897079,-0.00243234635568018,-3.01018209740667e-06,0.000912129880458558,-0.0921296332732286,3.10184967517853,-1.19209289550781e-07,2.55865478279567e-05,-0.0013681948250701,5.96046447753906e-08
0,0,0,0,0,0,0,0,1,1,1,1,1,1,1,1,2,2,2,2,2,2,2,2,3,3,3,3,3,3,3,3,4,4,4,4,4,4,4,4,16,16,16,16,16,16,16,16,17,17,17,17,17,17,17,17,18,18,18,18,18,18,18,18,32,32,32,32,32,32,32,32,0,1,2,3,15,16,17,31,0,1,2,3,15,16,17,31,0,1,2,3,15,16,17,31,0,1,2,3,15,16,17,31,0,1,2,3,15,16,17,31,0,1,2,3,15,16,17,31,0,1,2,3,15,16,17,31,0,1,2,3,15,16,17,31,0,1,2,3,15,16,17,31
0.00060808658745929,-0.184259266841544,18.611098095779,-626.604345768985,2.40814567792534e-05,-0.00516873599340397,0.276388901147577,-1.20407283896267e-05,-0.184259266841544,55.833294332045,-5639.4391209523,189870.422621101,-0.00729703904366846,1.56620376815312,-83.7499417663146,0.00364851952183423,18.611098095779,-5639.4391209523,569611.268319413,-19177852.6066056,0.737037066185829,-158.194333814122,8459.15870852274,-0.368518533092914,-626.604345768985,189870.422621101,-19177852.6066056,645686016.15944,-24.8147974014282,5326.13693903637,-284805.634843871,12.4073987007141,2.40814567792534e-05,-0.00729703904366846,0.737037066185829,-24.8147974014282,9.5367431640625e-07,-0.000204692382623654,0.0109455586005608,-4.76837158203125e-07,-0.00516873599340397,1.56620376815312,-158.194333814122,5326.13693903637,-0.000204692382623654,0.0439342559439337,-2.3493056597544,0.000102346191311827,0.276388901147577,-83.7499417663146,8459.15870852274,-284805.634843871,0.0109455586005608,-2.3493056597544,125.624913051843,-0.00547277930028041,-1.20407283896267e-05,0.00364851952183423,-0.368518533092914,12.4073987007141,-4.76837158203125e-07,0.000102346191311827,-0.00547277930028041,2.38418579101562e-07
0,0,0,0,0,0,0,0,1,1,1,1,1,1,1,1,2,2,2,2,2,2,2,2,3,3,3,3,3,3,3,3,15,15,15,15,15,15,15,15,16,16,16,16,16,16,16,16,17,17,17,17,17,17,17,17,31,31,31,31,31,31,31,31,0,1,2,3,15,16,17,31,0,1,2,3,15,16,17,31,0,1,2,3,15,16,17,31,0,1,2,3,15,16,17,31,0,1,2,3,15,16,17,31,0,1,2,3,15,16,17,31,0,1,2,3,15,16,17,31,0,1,2,3,15,16,17,31
