2,2,1,1
4.4703483581543e-07,-0.000192651654234027,0.0291881561746738,-1.96543217649554,49.6295948028564,-4.76837158203125e-07,9.63258271170135e-05,-0.00486469271136036,1.19209289550781e-07,-0.000192651654234027,0.0778350831947891,-11.7925930778588,794.073518753239,-20051.3390646075,0.000192651654234027,-0.0389175415973946,1.96543218593833,-4.81629135585067e-05,0.0291881561746738,-11.7925930778588,1786.66541862544,-120308.034580316,3037926.76193762,-0.0291881561746738,5.89629653892941,-297.777570724674,0.00729703904366846,-1.96543217649554,794.073518753239,-120308.034580316,8101138.03832054,-204563761.137126,1.96543217649554,-397.036759376619,20051.3391609428,-0.491358044123886,49.6295948028564,-20051.3390646075,3037926.76193762,-204563761.137126,5165488129.27552,-49.6295948028564,10025.6695323038,-506321.128611326,12.4073987007141,-4.76837158203125e-07,0.000192651654234027,-0.0291881561746738,1.96543217649554,-49.6295948028564,4.76837158203125e-07,-9.63258271170135e-05,0.00486469271136036,-1.19209289550781e-07,9.63258271170135e-05,-0.0389175415973946,5.89629653892941,-397.036759376619,10025.6695323038,-9.63258271170135e-05,0.0194587707986973,-0.982716092969163,2.40814567792534e-05,-0.00486469271136036,1.96543218593833,-297.777570724674,20051.3391609428,-506321.128611326,0.00486469271136036,-0.982716092969163,49.6295952797404,-0.00121617317784009,1.19209289550781e-07,-4.81629135585067e-05,0.00729703904366846,-0.491358044123886,12.4073987007141,-1.19209289550781e-07,2.40814567792534e-05,-0.00121617317784009,2.98023223876953e-08
0,0,0,0,0,0,0,0,0,1,1,1,1,1,1,1,1,1,2,2,2,2,2,2,2,2,2,3,3,3,3,3,3,3,3,3,4,4,4,4,4,4,4,4,4,16,16,16,16,16,16,16,16,16,17,17,17,17,17,17,17,17,17,18,18,18,18,18,18,18,18,18,32,32,32,32,32,32,32,32,32,0,1,2,3,4,16,17,18,32,0,1,2,3,4,16,17,18,32,0,1,2,3,4,16,17,18,32,0,1,2,3,4,16,17,18,32,0,1,2,3,4,16,17,18,32,0,1,2,3,4,16,17,18,32,0,1,2,3,4,16,17,18,32,0,1,2,3,4,16,17,18,32,0,1,2,3,4,16,17,18,32
-1.20407283896267e-05,0.00486469269967432,-0.737037067366176,49.6295949220774,-1253.20869153797,1.20407283896267e-05,-0.00243234634983716,0.122839511621145,-3.01018209740667e-06,0.00364851952183423,-1.47407413473235,223.33317732818,-15038.5043225395,379740.845242202,-0.00364851952183423,0.737037067366176,-37.2221963405843,0.000912129880458558,-0.368518533092914,148.888784766232,-22557.7564838092,1518963.3821851,-38355705.2132111,0.368518533092914,-74.4443923831161,3759.62609267677,-0.0921296332732286,12.4073987007141,-5012.83476615188,759481.690484405,-51140940.2842815,1291372032.31888,-12.4073987007141,2506.41738307594,-126580.282152832,3.10184967517853,-4.76837158203125e-07,0.000192651654234027,-0.0291881561746738,1.96543217649554,-49.6295948028564,4.76837158203125e-07,-9.63258271170135e-05,0.00486469271136036,-1.19209289550781e-07,0.000102346191311827,-0.0413498879472317,6.2648150726125,-421.851556837658,10652.2738780727,-0.000102346191311827,0.0206749439736159,-1.04413584877974,2.55865478279567e-05,-0.00547277930028041,2.21111120918062,-334.999767065259,22557.7565560606,-569611.269687742,0.00547277930028041,-1.10555560459031,55.8332946897079,-0.0013681948250701,2.38418579101562e-07,-9.63258271170135e-05,0.0145940780873369,-0.982716088247771,24.8147974014282,-2.38418579101562e-07,4.81629135585067e-05,-0.00243234635568018,5.96046447753906e-08
0,0,0,0,0,0,0,0,0,1,1,1,1,1,1,1,1,1,2,2,2,2,2,2,2,2,2,3,3,3,3,3,3,3,3,3,15,15,15,15,15,15,15,15,15,16,16,16,16,16,16,16,16,16,17,17,17,17,17,17,17,17,17,31,31,31,31,31,31,31,31,31,0,1,2,3,4,16,17,18,32,0,1,2,3,4,16,17,18,32,0,1,2,3,4,16,17,18,32,0,1,2,3,4,16,17,18,32,0,1,2,3,4,16,17,18,32,0,1,2,3,4,16,17,18,32,0,1,2,3,4,16,17,18,32,0,1,2,3,4,16,17,18,32
